0,571
16,3
0,300
0,299
0,298
0,297
0,296
0,295
0,294
0,522
0,293
0,553
0,292
0,0
0,291
0,290
0,289
0,288
0,287
0,286
0,285
0,284
0,283
0,282
0,281
0,280
0,279
0,278
0,277
0,276
0,275
0,274
0,273
0,272
0,271
0,270
0,269
0,268
0,267
0,266
0,265
0,264
0,263
0,262
0,261
0,260
0,259
0,258
0,257
0,256
0,63
0,62
0,61
0,60
0,59
0,58
0,57
0,56
0,55
0,54
0,53
0,52
0,51
0,50
0,49
0,48
0,47
0,46
0,45
0,6
0,544
0,555
28,8
0,5
0,515
0,569
0,304
0,303
0,12
0,532
0,11
0,10
0,8
52,6
52,5
52,4
52,3
52,2
52,1
52,0
48,6
48,5
48,4
48,3
48,2
48,1
48,0
44,5
44,4
44,3
44,2
44,1
44,0
35,127
35,126
35,125
35,124
35,123
35,122
35,121
35,120
35,119
35,118
35,117
35,116
35,115
35,114
35,113
35,112
35,111
35,110
35,109
35,108
35,107
35,106
35,105
35,104
35,103
35,102
35,101
35,100
35,99
35,98
35,97
35,96
35,95
35,94
35,93
35,92
35,91
35,90
35,89
35,88
35,87
35,86
35,85
35,84
35,83
35,82
35,81
35,80
35,79
35,78
35,77
35,76
35,75
35,74
35,73
35,72
35,71
35,70
35,69
35,68
35,67
35,66
35,65
35,64
32,5
32,4
32,3
32,2
32,1
32,0
31,119
31,118
31,117
31,116
31,115
31,114
31,113
31,112
31,111
31,110
31,109
31,108
31,107
31,106
31,105
31,104
31,103
31,102
31,101
31,100
31,99
31,98
31,97
31,96
31,95
31,94
31,93
31,92
31,91
31,90
31,89
31,88
31,87
31,86
31,85
31,84
31,83
31,82
31,81
31,80
31,79
31,78
31,77
31,76
31,75
31,74
31,73
31,72
31,71
31,70
31,69
31,68
31,67
31,66
31,65
31,64
30,179
30,178
30,177
30,176
30,175
30,174
30,173
30,172
30,171
30,170
30,169
30,168
30,167
30,166
30,165
30,164
30,163
30,162
30,161
30,160
30,159
30,158
30,157
30,156
30,155
30,154
30,153
30,152
30,151
30,150
30,149
30,148
30,147
30,146
30,145
30,144
30,143
30,142
30,141
30,140
30,139
30,138
30,137
30,136
30,135
30,134
30,133
30,132
30,131
30,130
30,129
30,128
28,7
28,6
28,5
28,4
28,3
28,2
24,40
24,39
24,38
24,37
24,36
24,35
24,34
24,33
24,32
24,31
24,30
24,29
24,28
24,27
24,26
24,25
24,24
24,23
24,22
24,21
24,20
24,19
24,18
24,17
24,16
24,15
24,14
24,13
24,12
24,11
24,10
24,9
24,8
24,7
24,6
24,5
24,4
24,3
24,2
24,1
24,0
20,3
20,2
20,1
20,0
19,95
19,94
19,93
19,92
19,91
19,90
19,89
19,88
19,87
19,86
19,85
19,84
19,83
19,82
19,81
19,80
19,79
19,78
19,77
19,76
19,75
19,74
19,73
19,72
19,71
19,70
19,69
19,68
19,67
19,66
19,65
19,64
16,35
16,34
16,33
16,32
16,31
16,30
16,29
16,28
16,27
16,26
16,25
16,24
16,23
16,22
16,21
16,20
16,19
16,18
16,17
16,16
16,15
16,14
16,13
60,0
60,1
60,3
60,4
60,6
67,64
67,66
67,68
67,69
67,71
67,72
67,74
67,76
67,77
67,79
67,80
67,82
67,83
67,85
67,87
67,88
67,90
67,91
67,93
67,95
67,96
67,98
67,99
67,101
67,102
67,104
67,106
67,107
67,109
67,110
67,112
67,114
67,115
67,117
67,118
67,120
67,121
67,123
67,125
67,126
67,320
67,321
67,323
67,325
67,326
67,328
67,329
67,331
67,333
67,334
67,336
67,337
67,339
67,340
67,342
67,344
67,345
67,347
67,348
67,350
67,352
67,353
67,355
67,356
67,358
67,359
67,361
67,363
67,364
67,366
67,367
67,369
67,371
67,372
67,374
67,375
67,377
67,378
72,0
72,2
72,3
72,5
72,6
83,64
83,66
83,67
83,69
83,70
83,72
83,74
83,75
83,77
83,78
83,80
83,81
83,83
83,85
83,86
83,88
83,89
83,91
83,93
83,94
83,96
83,97
83,99
84,0
84,2
84,4
84,5
84,7
84,8
84,10
84,12
84,13
84,15
84,16
84,18
84,19
88,1
88,3
88,4
88,6
96,0
96,2
96,4
96,5
100,1
100,2
100,4
100,5
102,128
102,130
102,131
102,133
102,134
102,136
102,138
102,139
102,141
102,142
102,144
102,146
102,147
102,149
102,150
102,152
102,153
102,155
102,157
102,158
102,160
102,161
102,163
102,165
102,166
102,168
102,169
102,171
102,172
102,174
102,176
102,177
102,179
102,180
102,182
102,184
102,185
102,187
102,188
102,190
102,191
108,0
108,2
108,3
108,5
108,6
111,65
111,67
111,68
111,70
111,71
111,73
111,75
111,76
111,78
111,79
111,81
111,82
111,84
111,86
111,87
111,89
111,90
111,92
111,94
111,95
111,97
111,98
111,100
111,101
111,103
111,105
111,106
111,108
111,109
111,111
111,113
111,114
111,116
111,117
112,1
112,2
112,4
112,6
112,7
112,9
112,10
112,12
112,14
112,15
112,17
112,18
112,20
112,21
112,23
112,25
112,26
112,28
112,29
112,31
112,33
112,34
112,36
112,37
116,0
116,2
116,3
116,5
116,4
116,1
112,38
112,35
112,32
112,30
112,27
112,24
112,22
112,19
112,16
112,13
112,11
112,8
112,5
112,3
112,0
111,115
111,112
111,110
111,107
111,104
111,102
111,99
111,96
111,93
111,91
111,88
111,85
111,83
111,80
111,77
111,74
111,72
111,69
111,66
111,64
108,4
108,1
102,384
102,189
102,186
102,183
102,181
102,178
102,175
102,173
102,170
102,167
102,164
102,162
102,159
102,156
102,154
102,151
102,148
102,145
102,143
102,140
102,137
102,135
102,132
102,129
100,6
100,3
100,0
96,3
96,1
88,5
88,2
88,0
84,17
84,14
84,11
84,9
84,6
84,3
84,1
83,98
83,95
83,92
83,90
83,87
83,84
83,82
83,79
83,76
83,73
83,71
83,68
83,65
72,7
72,4
72,1
67,379
67,376
67,373
67,370
67,368
67,365
67,362
67,360
67,357
67,354
67,351
67,349
67,346
67,343
67,341
67,338
67,335
67,332
67,330
67,327
67,324
67,322
67,127
67,124
67,122
67,119
67,116
67,113
67,111
67,108
67,105
67,103
67,100
67,97
67,94
67,92
67,89
67,86
67,84
67,81
67,78
67,75
67,73
67,70
67,67
67,65
60,5
60,2
16,12
16,11
16,10
16,9
16,8
16,7
16,6
16,5
16,4
16,2
16,1
16,0
4,27
4,26
4,25
4,24
4,23
4,22
4,21
4,20
4,19
4,18
4,17
4,16
4,15
4,14
4,13
4,12
4,11
4,10
4,9
4,8
4,7
4,6
4,5
4,4
4,3
4,2
4,1
4,0
0,575
0,574
0,573
0,572
0,570
0,568
0,567
0,310
0,307
0,305
0,302
28,1
28,0
0,9
4294967294,131
4294967294,130
4294967294,129
4294967294,128
0,308
0,530
0,529
0,546
0,528
0,527
0,545
0,561
0,543
0,563
0,560
0,541
0,552
0,520
0,550
0,535
0,566
0,526
0,534
0,521
0,565
0,540
0,539
0,519
0,518
0,538
0,559
0,525
0,558
0,517
0,537
0,536
0,547
0,516
0,514
0,551
0,524
0,513
0,533
0,557
0,556
0,549
0,512
0,564
0,548
0,542
0,319
0,318
0,317
0,316
0,315
0,314
0,562
0,313
0,523
0,312
0,311
0,554
0,309
0,531
0,306
0,301
0,1
0,4
0,2
0,3
0,7
0,365
13,16
17,30
17,3
13,3
21,4
1,3
0,343
101,9
101,8
101,7
101,6
101,5
101,4
101,3
101,2
101,1
101,0
97,5
97,4
97,3
97,2
97,1
97,0
83,132
83,131
83,130
83,129
83,128
77,4
77,3
77,2
77,1
77,0
73,4
73,3
73,2
73,1
73,0
69,4
69,3
69,2
69,1
69,0
67,431
67,430
67,429
67,428
67,427
67,426
67,425
67,424
67,423
67,422
67,421
67,420
67,419
67,418
67,417
67,416
67,415
67,414
67,413
67,412
67,411
67,410
67,409
67,408
67,407
67,406
67,405
67,404
67,403
67,402
67,401
67,400
67,399
67,398
67,397
67,396
67,395
67,394
67,393
67,392
67,391
67,390
67,389
67,388
67,387
67,386
67,385
67,384
67,180
67,179
67,178
67,177
67,176
67,175
67,174
67,173
67,172
67,171
67,170
67,169
67,168
67,167
67,166
67,165
67,164
67,163
67,162
67,161
67,160
67,159
67,158
67,157
67,156
67,155
67,154
67,153
67,152
67,151
67,150
67,149
67,148
67,147
67,146
67,145
67,144
67,143
67,142
67,141
67,140
67,139
67,138
67,137
67,136
67,135
67,134
67,133
67,132
67,131
67,130
67,129
67,128
61,5
61,4
61,3
61,2
61,1
61,0
53,14
53,13
53,12
53,11
53,10
53,9
53,8
53,7
53,6
53,5
53,4
53,3
53,2
53,1
53,0
45,7
45,6
45,5
45,4
45,3
45,2
45,1
45,0
37,6
37,5
37,4
37,3
37,2
37,1
37,0
35,191
35,174
35,173
35,172
35,171
35,170
35,169
35,168
35,167
35,166
35,165
35,164
35,163
35,162
35,161
35,160
35,159
35,158
35,157
35,156
35,155
35,154
35,153
35,152
35,151
35,150
35,149
35,148
35,147
35,146
35,145
35,144
35,143
35,142
35,141
35,140
35,139
35,138
35,137
35,136
35,135
35,134
35,133
35,132
35,131
35,130
35,129
35,128
33,4
33,3
33,2
33,1
33,0
30,193
30,192
29,6
29,5
29,4
29,3
29,2
29,1
29,0
25,14
25,13
25,12
25,11
25,10
25,9
25,8
25,7
25,6
25,5
25,4
25,3
25,2
25,1
25,0
24,104
24,103
24,102
24,101
24,100
24,99
24,98
24,97
24,96
24,95
24,94
24,93
24,92
24,91
24,90
24,89
24,88
24,87
24,86
24,85
24,84
24,83
24,82
24,81
24,80
24,79
24,78
24,77
24,76
24,75
24,74
24,73
24,72
24,71
24,70
24,69
24,68
24,67
24,66
24,65
24,64
21,5
21,3
21,2
17,41
17,40
17,39
17,38
17,37
17,36
17,35
17,34
17,33
17,32
101,10
101,11
101,13
101,14
101,16
101,17
101,19
101,21
101,22
101,24
101,25
101,27
101,29
101,30
101,32
101,33
101,35
101,36
102,192
102,194
102,195
102,197
102,198
102,200
102,202
102,203
102,205
102,206
102,208
102,209
102,211
102,213
102,214
102,216
102,217
102,219
102,221
102,222
102,224
102,225
102,227
102,228
102,230
102,232
102,233
102,235
102,236
102,238
102,240
102,241
102,243
102,244
102,246
102,248
102,249
102,251
102,252
102,254
102,255
102,449
102,451
102,452
102,454
102,455
105,0
105,2
105,3
105,5
105,6
105,8
105,9
105,11
105,13
105,14
105,16
105,17
105,19
105,21
105,22
105,24
105,25
105,27
105,28
105,30
105,32
105,33
105,35
105,36
112,65
112,67
112,68
112,70
112,71
112,73
112,75
112,76
112,78
112,79
112,81
112,82
112,84
112,86
112,87
112,89
112,90
112,92
112,94
112,95
112,97
112,98
112,100
112,101
112,103
112,105
112,106
112,108
112,109
112,111
112,113
112,114
112,116
112,117
112,119
113,0
113,2
113,4
113,5
117,0
117,1
117,3
117,5
117,4
117,2
113,6
113,3
113,1
112,118
112,115
112,112
112,110
112,107
112,104
112,102
112,99
112,96
112,93
112,91
112,88
112,85
112,83
112,80
112,77
112,74
112,72
112,69
112,66
112,64
105,34
105,31
105,29
105,26
105,23
105,20
105,18
105,15
105,12
105,10
105,7
105,4
105,1
102,456
102,453
102,450
102,448
102,253
102,250
102,247
102,245
102,242
102,239
102,237
102,234
102,231
102,229
102,226
102,223
102,220
102,218
102,215
102,212
102,210
102,207
102,204
102,201
102,199
102,196
102,193
101,37
101,34
101,31
101,28
101,26
101,23
101,20
101,18
101,15
101,12
17,31
17,29
17,28
17,27
17,26
17,25
17,24
17,23
17,22
17,21
17,20
17,19
17,18
17,17
17,16
17,15
17,14
17,13
17,12
17,11
17,10
17,9
17,8
17,7
17,6
17,5
17,4
17,2
17,1
17,0
16,127
16,126
16,125
16,124
16,123
16,122
16,121
16,120
16,119
16,118
16,117
16,116
16,115
16,114
16,113
16,112
16,111
16,110
16,109
16,108
16,107
16,106
16,105
16,104
16,103
16,102
16,101
16,100
16,99
16,98
16,97
16,96
16,95
16,94
16,93
16,92
16,91
16,90
16,89
16,88
16,87
16,86
16,85
16,84
16,83
16,82
16,81
16,80
16,79
16,78
16,77
16,76
16,75
16,74
16,73
16,72
16,71
16,70
16,69
16,68
16,67
16,66
16,65
16,64
13,38
13,37
13,36
13,35
13,34
13,33
13,32
13,31
13,30
13,29
13,28
13,27
13,26
13,25
13,24
13,23
13,22
13,21
13,20
13,19
13,18
13,17
13,15
13,14
13,13
13,12
13,11
13,10
13,9
13,8
13,7
13,6
13,5
13,4
13,2
13,1
13,0
1,2
0,577
0,576
0,382
0,380
0,379
0,378
0,371
0,370
0,369
0,358
0,356
0,355
0,349
0,348
0,346
0,345
1,1
0,344
0,338
0,337
0,335
0,333
0,327
0,326
0,325
0,324
0,323
0,322
0,321
21,1
1,0
21,0
0,354
0,334
0,366
0,359
0,336
0,368
0,383
0,375
0,374
0,373
0,372
0,360
0,364
0,363
0,362
0,361
0,347
0,353
0,367
0,352
0,351
0,350
0,357
0,342
0,341
0,340
0,332
0,339
0,331
0,330
0,329
0,381
0,328
0,320
0,377
0,376
13,68
13,92
13,66
13,91
102,61
13,64
2,7
13,94
0,428
2,18
2,6
2,16
2,9
2,3
67,456
67,455
67,454
67,453
67,452
67,451
67,450
67,449
67,448
67,240
67,239
67,238
67,237
67,236
67,235
67,234
67,233
67,232
67,231
67,230
67,229
67,228
67,227
67,226
67,225
67,224
67,223
67,222
67,221
67,220
67,219
67,218
67,217
67,216
67,215
67,214
67,213
67,212
67,211
67,210
67,209
67,208
67,207
67,206
67,205
67,204
67,203
67,202
67,201
67,200
67,199
67,198
67,197
67,196
67,195
67,194
67,193
67,192
62,11
62,10
62,9
62,8
62,7
62,6
62,5
62,4
62,3
62,2
62,1
62,0
54,7
54,6
54,5
54,4
54,3
54,2
54,1
54,0
50,3
50,2
50,1
50,0
46,4
46,3
46,2
46,1
46,0
38,8
38,7
38,6
38,5
38,4
38,3
38,2
38,1
38,0
35,255
30,37
30,36
30,35
30,34
30,33
30,32
30,31
30,30
30,29
30,28
30,27
30,26
30,25
30,24
30,23
30,22
30,21
30,20
30,19
30,18
30,17
30,16
30,15
30,14
30,13
30,12
30,11
30,10
30,9
30,8
30,7
30,6
30,5
30,4
30,3
30,2
30,1
30,0
26,5
26,4
26,3
26,2
26,1
26,0
22,5
22,4
22,3
22,2
22,1
22,0
18,36
18,35
18,34
18,33
18,32
18,31
18,30
18,29
18,28
18,27
18,26
18,25
18,24
18,23
18,22
18,21
18,20
18,19
18,18
18,17
18,16
18,15
18,14
18,13
18,12
18,11
18,10
18,9
18,8
18,7
18,6
18,5
18,4
18,3
18,2
18,1
18,0
17,127
17,126
17,125
17,124
17,123
17,122
17,121
17,120
17,119
17,118
17,117
17,116
17,115
17,114
17,113
17,112
17,111
17,110
17,109
17,108
17,107
17,106
17,105
17,104
17,103
17,102
17,101
17,100
17,99
17,98
17,97
17,96
17,95
17,94
17,93
17,92
17,91
17,90
17,89
17,88
17,87
17,86
17,85
17,84
17,83
17,82
17,81
17,80
17,79
17,78
17,77
17,76
17,75
17,74
17,73
17,72
17,71
17,70
17,69
17,68
17,67
17,66
17,65
17,64
16,139
16,138
16,137
16,136
16,135
16,134
16,133
16,132
16,131
16,130
16,129
16,128
14,37
14,36
14,35
14,34
14,33
14,32
14,31
14,30
14,29
14,28
14,27
14,26
14,25
14,24
14,23
14,22
14,21
14,20
14,19
14,18
14,17
14,16
14,15
14,14
14,13
14,12
14,11
14,10
14,9
14,8
14,7
14,6
14,5
14,4
14,3
14,2
14,1
14,0
13,127
13,126
13,125
13,124
13,123
13,122
67,457
67,458
67,460
67,461
67,463
67,464
67,466
67,468
67,469
67,471
67,472
67,474
67,476
67,477
67,479
67,480
67,482
67,483
67,485
67,487
67,488
67,490
67,491
67,493
67,495
67,496
67,498
67,499
67,501
67,502
67,504
67,506
67,507
67,509
67,510
74,0
74,2
74,3
78,0
78,1
78,3
78,4
82,0
82,2
82,3
82,5
82,6
82,8
82,10
82,11
82,13
82,14
83,192
83,194
83,195
83,197
83,198
83,200
83,201
83,203
83,205
83,206
86,0
86,1
86,3
94,0
94,1
94,3
94,4
94,6
98,0
98,2
98,4
98,5
101,64
101,65
101,67
101,69
101,70
101,72
101,73
102,0
102,1
102,3
102,5
102,6
102,8
102,9
102,11
102,13
102,14
102,16
102,17
102,19
102,21
102,22
102,24
102,25
102,27
102,28
102,30
102,32
102,33
102,35
102,36
102,38
102,40
102,41
102,43
102,44
102,46
102,47
102,49
102,51
102,52
102,54
102,55
102,57
102,59
102,60
102,62
102,63
102,257
102,258
102,260
102,262
102,263
102,265
102,266
102,268
102,270
102,271
102,273
102,274
102,276
102,277
102,279
102,281
102,282
102,284
102,285
102,287
102,289
102,290
102,292
102,293
102,295
102,297
102,298
102,300
102,301
102,303
102,304
102,306
102,308
102,309
102,311
102,312
102,314
102,316
102,317
102,319
106,0
106,2
106,3
106,5
112,128
106,4
106,1
102,318
102,315
102,313
102,310
102,307
102,305
102,302
102,299
102,296
102,294
102,291
102,288
102,286
102,283
102,280
102,278
102,275
102,272
102,269
102,267
102,264
102,261
102,259
102,256
102,58
102,56
102,53
102,50
102,48
102,45
102,42
102,39
102,37
102,34
102,31
102,29
102,26
102,23
102,20
102,18
102,15
102,12
102,10
102,7
102,4
102,2
101,74
101,71
101,68
101,66
98,6
98,3
98,1
94,5
94,2
86,4
86,2
83,207
83,204
83,202
83,199
83,196
83,193
82,15
82,12
82,9
82,7
82,4
82,1
78,5
78,2
74,4
74,1
67,511
67,508
67,505
67,503
67,500
67,497
67,494
67,492
67,489
67,486
67,484
67,481
67,478
67,475
67,473
67,470
67,467
67,465
67,462
67,459
13,121
13,120
13,119
13,118
13,117
13,116
13,115
13,114
13,113
13,112
13,111
13,110
13,109
13,108
13,107
13,106
13,105
13,104
13,103
13,102
13,101
13,100
13,99
13,98
13,97
13,96
13,95
13,93
13,90
13,89
13,88
13,87
13,86
13,85
13,84
13,83
13,82
13,81
13,80
13,79
13,78
13,77
13,76
13,75
13,74
13,73
13,72
13,71
13,70
13,69
13,67
13,65
2,21
2,20
2,19
2,17
2,15
2,14
2,13
2,12
2,11
2,10
2,8
2,5
2,4
2,2
0,640
0,435
0,433
0,432
0,431
0,430
0,429
0,408
0,404
0,403
0,402
0,401
0,400
0,399
0,398
0,393
0,392
0,391
0,390
0,389
0,388
0,387
2,1
2,0
4294967294,63
4294967294,62
4294967294,61
4294967294,60
4294967294,59
4294967294,58
4294967294,57
4294967294,56
4294967294,55
4294967294,54
4294967294,53
4294967294,52
4294967294,51
4294967294,50
4294967294,49
4294967294,48
4294967294,47
4294967294,46
4294967294,45
4294967294,44
4294967294,43
4294967294,42
4294967294,41
4294967294,40
4294967294,39
4294967294,38
4294967294,37
4294967294,36
4294967294,35
4294967294,34
4294967294,33
4294967294,32
4294967294,31
4294967294,30
4294967294,29
4294967294,28
4294967294,27
4294967294,26
4294967294,25
4294967294,24
4294967294,23
4294967294,22
4294967294,21
4294967294,20
4294967294,19
4294967294,18
4294967294,17
4294967294,16
4294967294,15
4294967294,14
4294967294,13
4294967294,12
4294967294,11
4294967294,10
4294967294,9
4294967294,8
4294967294,7
4294967294,6
4294967294,5
4294967294,4
4294967294,3
4294967294,2
4294967294,0
0,427
0,425
0,424
0,423
0,422
0,421
0,420
0,419
0,418
0,417
0,416
0,415
0,414
0,413
0,412
0,411
0,410
0,409
0,407
0,406
0,405
0,397
0,396
0,395
0,394
0,386
0,385
0,384
0,426
0,447
0,446
0,445
0,444
0,443
0,442
0,441
0,440
0,439
0,438
0,437
0,436
0,434
0,748
103,3
0,726
0,714
0,491
0,709
0,255
0,254
0,253
0,252
0,251
0,250
0,249
0,248
0,247
0,246
0,245
0,244
0,242
0,241
0,240
0,239
0,238
0,237
0,236
0,235
0,234
0,233
0,232
0,231
0,230
0,229
0,228
0,227
0,226
0,225
0,224
0,223
0,222
0,221
0,220
0,219
0,218
0,217
0,216
0,215
0,214
0,213
0,212
0,211
0,210
0,209
0,208
0,207
0,206
0,205
0,204
0,203
0,202
0,201
0,200
0,199
0,195
0,192
0,198
0,197
0,747
0,196
0,739
0,194
0,193
0,751
35,45
35,44
35,43
35,42
35,41
35,40
35,39
35,38
35,37
35,36
35,35
35,34
35,33
35,32
35,31
35,30
35,29
35,28
35,27
35,26
35,25
35,24
35,23
35,22
35,21
35,20
35,19
35,18
35,17
35,16
35,15
35,14
35,13
35,12
35,11
35,10
35,9
35,8
35,7
35,6
35,5
35,4
35,3
35,2
35,1
35,0
31,37
31,36
31,35
31,34
31,33
31,32
31,31
31,30
31,29
31,28
31,27
31,26
31,25
31,24
31,23
31,22
31,21
31,20
31,19
31,18
31,17
31,16
31,15
31,14
31,13
31,12
31,11
31,10
31,9
31,8
31,7
31,6
31,5
31,4
31,3
31,2
31,1
31,0
30,127
30,126
30,125
30,124
30,123
30,122
30,121
30,120
30,119
30,118
30,117
30,116
30,115
30,114
30,113
30,112
30,111
30,110
30,109
30,108
30,107
30,106
30,105
30,104
30,103
30,102
30,101
30,100
30,99
30,98
30,97
30,96
30,95
30,94
30,93
30,92
30,91
30,90
30,89
30,88
30,87
30,86
30,85
30,84
30,83
30,82
30,81
30,80
30,79
30,78
30,77
30,76
30,75
30,74
30,73
30,72
30,71
30,70
30,69
30,68
30,67
30,66
30,65
30,64
27,4
27,3
27,2
27,1
27,0
23,5
23,4
23,3
23,2
23,1
23,0
19,39
19,38
19,37
19,36
19,35
19,34
19,33
19,32
19,31
19,30
19,29
19,28
19,27
19,26
19,25
19,24
19,23
19,22
19,21
19,20
19,19
19,18
19,17
19,16
19,15
19,14
19,13
19,12
19,11
19,10
19,9
19,8
19,7
19,6
19,5
19,4
19,3
19,2
19,1
19,0
18,90
18,89
18,88
18,87
18,86
18,85
18,84
18,83
18,82
18,81
18,80
18,79
18,78
18,77
18,76
18,75
18,74
18,73
18,72
18,71
18,70
18,69
18,68
18,67
18,66
18,65
18,64
17,136
17,135
17,134
17,133
17,132
17,131
17,130
17,129
17,128
15,3
15,2
15,1
15,0
14,71
14,70
14,69
14,68
14,67
14,66
14,65
14,64
13,132
13,131
13,130
13,129
13,128
3,2
3,1
3,3
3,0
0,766
0,744
0,732
0,727
0,720
0,718
0,713
0,711
0,704
0,511
0,505
0,494
0,489
0,487
0,486
0,485
0,483
0,480
0,478
0,458
0,451
0,450
0,449
0,243
4294967294,127
4294967294,126
4294967294,125
4294967294,124
4294967294,123
4294967294,122
4294967294,121
4294967294,120
4294967294,119
4294967294,118
4294967294,117
4294967294,116
4294967294,115
4294967294,114
4294967294,113
4294967294,112
4294967294,111
4294967294,110
4294967294,109
4294967294,108
4294967294,107
4294967294,106
4294967294,105
4294967294,104
35,46
35,47
35,49
35,50
35,52
35,53
35,55
43,0
43,1
43,3
43,4
43,6
47,1
47,2
47,4
47,5
51,0
51,1
51,3
51,5
51,6
63,1
63,2
63,4
63,6
67,0
67,2
67,3
67,5
67,6
67,8
67,10
67,11
67,13
67,14
67,16
67,18
67,19
67,21
67,22
67,24
67,25
67,27
67,29
67,30
67,32
67,33
67,35
67,37
67,38
67,40
67,41
67,256
67,258
67,259
67,261
67,262
67,264
67,265
67,267
67,269
67,270
67,272
67,273
67,275
67,277
67,278
67,280
67,281
67,283
67,284
67,286
67,288
67,289
67,291
67,292
67,294
67,296
67,297
67,299
67,300
67,302
67,303
67,305
67,307
67,308
67,310
67,311
67,313
67,315
67,316
67,513
67,514
67,516
67,518
67,519
67,521
67,522
67,524
67,525
67,527
67,529
67,530
67,532
67,533
67,535
67,537
67,538
67,540
67,541
67,543
67,544
67,546
67,548
67,549
67,551
67,552
67,554
67,556
67,557
67,559
67,560
67,562
67,563
67,565
67,567
67,568
67,570
67,571
67,573
67,575
71,0
71,2
71,3
71,5
83,0
83,2
83,4
83,5
83,7
83,8
83,10
83,12
83,13
83,15
83,16
83,18
83,20
83,21
83,23
83,24
83,26
83,27
83,29
83,31
83,32
83,34
83,35
83,37
83,39
83,40
83,42
83,43
83,45
83,46
83,48
83,50
83,51
83,53
83,54
83,56
83,58
83,59
83,61
83,62
87,0
87,1
87,3
87,5
95,0
95,2
95,3
95,5
99,0
99,1
99,3
99,4
99,6
102,65
102,66
102,68
102,69
102,71
102,72
102,74
102,76
102,77
102,79
102,80
102,82
102,84
102,85
102,87
102,88
102,90
102,91
102,93
102,95
102,96
102,98
102,99
102,101
102,103
102,104
102,106
102,107
102,109
102,110
102,112
102,114
102,115
102,117
102,118
102,120
102,122
102,123
102,125
102,126
102,320
102,321
102,323
102,325
102,326
102,328
102,329
102,331
102,333
102,334
102,336
102,337
102,339
102,341
102,342
102,344
102,345
102,347
102,348
102,350
102,352
102,353
102,355
102,356
102,358
102,360
102,361
102,363
102,364
102,366
102,367
102,369
102,371
102,372
102,374
102,375
102,377
102,379
102,380
102,382
102,383
103,1
103,2
103,4
103,6
103,7
103,9
103,10
103,12
103,14
103,15
103,17
103,18
103,20
103,22
103,23
107,0
107,1
107,3
107,4
107,6
111,1
111,2
111,4
111,5
111,7
111,9
111,10
111,12
111,13
111,15
111,16
111,18
111,20
111,21
111,23
111,24
111,26
111,28
111,29
111,31
111,32
111,34
111,35
111,37
111,38
111,36
111,33
111,30
111,27
111,25
111,22
111,19
111,17
111,14
111,11
111,8
111,6
111,3
111,0
107,5
107,2
103,24
103,21
103,19
103,16
103,13
103,11
103,8
103,5
103,0
102,381
102,378
102,376
102,373
102,370
102,368
102,365
102,362
102,359
102,357
102,354
102,351
102,349
102,346
102,343
102,340
102,338
102,335
102,332
102,330
102,327
102,324
102,322
102,127
102,124
102,121
102,119
102,116
102,113
102,111
102,108
102,105
102,102
102,100
102,97
102,94
102,92
102,89
102,86
102,83
102,81
102,78
102,75
102,73
102,70
102,67
102,64
99,5
99,2
95,6
95,4
95,1
87,4
87,2
83,63
83,60
83,57
83,55
83,52
83,49
83,47
83,44
83,41
83,38
83,36
83,33
83,30
83,28
83,25
83,22
83,19
83,17
83,14
83,11
83,9
83,6
83,3
83,1
71,4
71,1
67,574
67,572
67,569
67,566
67,564
67,561
67,558
67,555
67,553
67,550
67,547
67,545
67,542
67,539
67,536
67,534
67,531
67,528
67,526
67,523
67,520
67,517
67,515
67,512
67,314
67,312
67,309
67,306
67,304
67,301
67,298
67,295
67,293
67,290
67,287
67,285
67,282
67,279
67,276
67,274
67,271
67,268
67,266
67,263
67,260
67,257
67,42
67,39
67,36
67,34
67,31
67,28
67,26
67,23
67,20
67,17
67,15
67,12
67,9
67,7
67,4
67,1
63,5
63,3
63,0
51,4
51,2
47,6
47,3
47,0
43,5
43,2
35,56
35,54
35,51
35,48
4294967294,103
4294967294,102
4294967294,101
4294967294,100
4294967294,99
4294967294,98
4294967294,97
4294967294,96
4294967294,95
4294967294,94
4294967294,93
4294967294,92
4294967294,91
4294967294,90
4294967294,89
4294967294,88
4294967294,87
4294967294,86
4294967294,85
4294967294,84
4294967294,83
4294967294,82
4294967294,81
4294967294,80
4294967294,79
4294967294,78
4294967294,77
4294967294,76
4294967294,75
4294967294,74
4294967294,73
4294967294,72
4294967294,71
4294967294,70
4294967294,69
4294967294,68
4294967294,67
4294967294,66
4294967294,65
4294967294,64
0,484
0,737
0,759
0,746
0,481
0,758
0,736
0,479
0,745
0,477
0,716
0,476
0,475
0,708
0,474
0,730
0,473
0,472
0,765
0,471
0,757
0,764
0,717
0,470
0,756
0,469
0,468
0,715
0,467
0,707
0,466
0,724
0,465
0,464
0,721
0,463
0,755
0,462
0,706
0,461
0,460
0,719
0,459
0,735
0,509
0,743
0,508
0,754
0,507
0,750
0,506
0,753
0,763
0,456
0,741
0,504
0,761
0,503
0,502
0,723
0,722
0,749
0,501
0,740
0,500
0,742
0,499
0,498
0,734
0,455
0,457
0,454
0,712
0,497
0,496
0,495
0,731
0,493
0,453
0,492
0,752
0,452
0,728
0,490
0,448
0,705
0,733
0,729
0,488
0,510
0,725
0,738
0,760
0,767
0,762
0,710
0,482
